version https://git-lfs.github.com/spec/v1
oid sha256:abafb11f7a8085b4afe87355007e0a35639342ddc434d026dba1d2e5974ad85b
size 893791
